963130217
-191597256
2010033359
-807630688
1850684136
-1389635428
1933870713
-207442103
1945653414
1918021232
466014034
1314574634
-1105711164
-639616881
841826113
2036667910
-833239688
-1715348233
-1417673990
-1722306832
1159724559
1021575287
-1567976794
1032557089
-2134233548
-759080794
7524034
1184407563
-802696078
1228990743
-1247115450
-238647891
979660535
1985617866
424661258
1912139817
-1235457638
1920582884
661835109
1743971731
-1668782050
-317083230
352176151
-1388947701
-404983624
-173505909
1684459368
729956365
1096398
452835557
253766288
1749214983
-756931071
1181351785
-684764583
1416434475
-1103848083
-868579783
-1331146750
1064717190
-1964905681
2105649681
-700078490
1017738065
-1952202713
895900349
1429416286
775444359
-181406722
979301578
480536418
643826103
277496170
-1596751232
1010141558
503243802
-553712976
-1544644593
1923075395
-1369885976
-865160598
304299783
1530461571
-1430716698
-926272374
-1738431219
-297300830
459072835
-2128860258
5997003
212546978
1057056933
-478421420
-1496029144
-51099842
947799933
-737513151
1175025337
84016466
-609066078
870545629
553589622
971148409
1838026525
-1846138926
238739120
-1372208137
-139144638
290233717
1851418946
-268604967
908918527
77273236
-732415482
1205122395
-433805960
1011421810
-849232245
121277321
-315048494
381847055
-2077637884
-265264600
438606670
-1694505045
-623022718
136965333
529333402
-1760063347
1720793189
157808750
1895517539
1083417344
-1973510128
-761587534
1045622062
-965498210
-826116133
1129384995
1683197800
-982418224
-1235805619
-1636173261
-1772549957
-2104156780
1795483786
-243208289
-1480974942
513518721
292998410
-532333291
-416471489
-898523641
-1287146101
989371420
1035115371
306234619
238630984
-1262469580
-772611825
227995731
789764203
523577916
-2114068047
540156205
1154260415
-1983738861
-1657778351
-1270113003
866055081
1118231170
-1335946
889938055
-88276136
-733546663
2013988995
-1839090254
1243479355
-221205033
751910478
-954403969
-1290992205
-971230386
2091875314
-2098353968
-1518421750
-661484025
1207973092
208386060
413563554
534316642
786208580
1062414043
-298515599
1566574146
-1294630539
-782784978
676127660
1844841127
416136431
-1604708735
835775426
-563770469
213684819
398167140
981184651
976158290
1979517631
-599942858
-210854207
1725846924
1077899875
244833332
1893355950
-57826242
-1871187884
15146929
826876199
-786643344
2004764576
580552358
372251320
-507497368
-1832905311
-574124435
-1292248544
-603495416
-1616371306
-535435063
-1291717377
-828547980
359829871
-855608791
456060365
-116629513
-1135667225
523814957
-196877810
1660407847
-1657835560
1338983529
115500995
1422766150
-860768054
2073649000
80236067
539191787
-1837397812
1047314419
-77843061
-486033439
1850984327
1751480978
-1521012046
1104010062
-90790257
1607615826
59306272
74743575
-1182774532
1254728648
580323552
1242361219
1568668729
-1709748394
-1536197772
-1280476130
227470363
-463380564
1127320584
-1144761889
-761074636
-1873217647
1070556906
72215436
-1543068567
-4032029
1809730618
12911197
585506498
1868401372
322056669
634894559
-889734015
-1049271914
-2109927241
55063067
1276569717
-563728944
-1057402600
169670391
-1742267761
938251762
-1968567690
-1800942117
1995112629
-2048880306
-1204614563
1160767638
-1075519274
-984800600
-1737107805
1433832579
-1642952642
1642772216
-549445921
-1155819289
-72852438
-971363219
1798000922
1968803741
-1173069921
584762805
-1668004409
904332276
365642359
1746242939
-20105488
1262851032
1122946491
842853937
-1206159694
212127535
1090404664
-51936754
1748343019
2030154117
1035368012
-1896259750
-1760689103
-1701735958
-615457792
878666985
-1845420539
118598938
-642932645
-1751889180
54363719
1669508574
501652213
-1839236145
-776989203
-1469458510
-712127287
96074182
103060719
1764210600
-2085385905
616944649
-672703611
529432460
-2097308470
-762777413
1598247572
1658875719
-489028642
-169595162
838535013
-1862209400
1131219045
2001478850
-997013865
1076447392
1300486018
-128385482
1848439383
1763443885
-959322891
43466655
1796802509
-1679784966
-800018512
828076239
-146208807
1573012646
704560043
-973671337
1290286846
-1931094397
229889268
-1228108023
-410425186
-25192385
1334702089
-190356552
1091717479
-1898536247
-2032452759
-1365285055
1709989133
939558637
1939551848
1744998607
1096524601
334020929
469360963
-580236711
-1671030848
704710724
130374259
-493296273
683049496
-1356474173
-284197563
2050168886
-124237817
-1324030850
1513248170
-1759131983
-858703972
-1400289525
1569160523
-305619903
871988323
267101435
1737471456
1825716590
-1807666221
1522702650
910775490
-600114713
-1818864373
905057467
2101957566
1987548871
-1844125763
1084134484
-1424745685
1464150297
-355039638
997413094
-26191554
1456754846
-1093253169
-161952320
-1119913316
1622770381
804236190
-845452988
-1291020240
-672872934
508073585
1633145803
255585854
-196911749
-605034245
1862111430
-2033045320
-808310745
-2140512640
-1625954779
359420112
-1475364448
-477471098
-1551901189
-2123003954
-1976996364
327595468
37240418
-1707951326
-1808859586
-787518853
1489935259
269979068
1347180915
744431515
588703866
1783280283
-1732131494
1799011272
515451136
1820611748
1481542620
-2135406811
725035849
-943020108
1262663805
1606497423
219835048
205387512
1437641258
-1881961963
830112016
-211368837
-880837324
-1681351512
-2026976587
-2037527040
598446492
463426318
-1291575310
-1261499631
-2129481327
1471357980
1719257453
1310062680
-2063754186
1688749092
-216591752
1279444012
1248917671
1592309163
2040339898
-274911122
-1049889475
1377120607
1382998030
-1598866026
-153413871
-947381945
-1379703382
1158607624
-43385409
-835196100
2094318979
-821045076
-54059157
556394135
-1417648400
820639165
-2070363895
1736235307
-1577878131
2023057631
1049800408
488589173
709418849
60222839
-468682450
-1262263278
-861169341
1329259063
1469069691
-707360144
-1075583624
-1587436297
-1650056313
325660872
-764778335
1754617803
1539401470
642745675
2071451859
-586259631
1906255150
345123483
1111847687
-791852470
751861518
-171325572
773120692
1078305387
-1199243391
1450663371
836534202
-1333836171
-2028280356
-149513042
-589363582
-1471146621
185275557
-1782144500
-1002164638
430035874
-1310807907
507043647
2067382853
-1294139482
-2110227455
2052920584
-847569014
952807995
1306335755
-96691517
-1248379091
-204678598
776464063
31876315
53194020
963471933
369393379
879787647
1204621835
1379552117
-17853362
1915415189
-1044630782
-1527961158
-2047686043
-1318379537
336628693
-1204065053
1006851810
1813419196
-1963989154
1704719191
1113811671
864423232
-235103705
1981112804
-643651598
264413639
161104723
-536798002
-807787006
-373772330
-146589763
1457274411
1734659258
554445476
-1809384607
-973005459
-1675819597
150798024
-840143621
1773747264
372574903
-1014923982
-570914835
1623239830
-1622191044
1772618079
-2042306459
-263109633
1422978093
-1280293176
-975225410
257765437
-507533072
627057051
886961959
-1207582441
-820341596
-618754387
-164956542
-1579910291
62588074
1570459310
-1757313651
1628031372
816915815
-1149730659
1494829383
146136259
2096561735
-1513164930
-331673716
-1148873674
-410963452
1958545226
983716610
-1955169039
-1452998873
129738023
651729208
1883389760
1195328718
426981081
1323699979
1484983613
-511668304
998169975
-1518008500
-1617434967
-620858530
-1691187359
-1162068065
-882326017
-865422389
2018784625
-1596059739
-23590202
1716847374
-653795472
-1440160163
